0 0.315849 0.518244 0.119427 0.399928
0 0.814183 0.790883 0.156441 0.41308
0 0.438719 0.56259 0.112674 0.410957
0 0.699686 0.76475 0.137877 0.459423
0 0.556937 0.375046 0.103317 0.336989
1 0.545125 0.942373 0.296801 0.108914
1 0.487437 0.335853 0.102334 0.236588
0 0.47446 0.16122 0.0824247 0.202746
1 0.799554 0.624607 0.0987897 0.379347
1 0.682453 0.541157 0.160736 0.306076
0 0.913732 0.267318 0.0607304 0.146844
1 0.550736 0.610999 0.141288 0.3142
1 0.482566 0.586711 0.276851 0.357968
1 0.374138 0.53346 0.0605588 0.252667
1 0.881214 0.477182 0.119529 0.215255
0 0.475683 0.216386 0.0849602 0.313125