0 0.381648 0.66101 0.116334 0.443428
1 0.494073 0.608833 0.256953 0.411474
0 0.460059 0.320433 0.0844746 0.328619
0 0.0742925 0.781099 0.126641 0.41485
1 0.265884 0.255503 0.150898 0.241468
1 0.734581 0.627075 0.264067 0.432758
0 0.631918 0.327559 0.104853 0.379318
0 0.262444 0.213624 0.0569984 0.325386
0 0.773307 0.116849 0.0358427 0.231052
1 0.0574233 0.352155 0.114019 0.173446
0 0.0372348 0.346258 0.0734055 0.283521
1 0.883371 0.474078 0.123114 0.201244
0 0.727352 0.105058 0.0404982 0.208646
0 0.186534 0.129166 0.0700114 0.183255
0 0.628303 0.0980166 0.0529207 0.188414
1 0.5459 0.879501 0.299048 0.228069
1 0.48544 0.879764 0.177063 0.229259
1 0.170349 0.20131 0.0595777 0.118292
1 0.977966 0.812124 0.0432796 0.283003