0 0.244575 0.584903 0.0867992 0.390098
1 0.511994 0.606943 0.241246 0.291807
1 0.739123 0.526918 0.222197 0.297521
1 0.569773 0.867343 0.290211 0.257461
1 0.836231 0.747018 0.252012 0.312128
1 0.470037 0.407715 0.189016 0.216978
1 0.696385 0.477631 0.186838 0.207679
1 0.661614 0.395614 0.164653 0.186666
1 0.867079 0.815161 0.264597 0.340598
1 0.630798 0.3471 0.173112 0.165207
0 0.15903 0.442834 0.0538784 0.115217
1 0.436764 0.310817 0.134934 0.0918788
1 0.894476 0.871377 0.210657 0.248425
1 0.609032 0.268236 0.142352 0.093597
1 0.438483 0.328532 0.138973 0.120557
1 0.606307 0.287365 0.146919 0.133405
1 0.817038 0.872771 0.364262 0.244577
1 0.618424 0.302052 0.152973 0.0824744