1 0.359287 0.878489 0.252325 0.236079
0 0.594978 0.437297 0.0864082 0.341659
1 0.582606 0.466426 0.167041 0.317628
1 0.177474 0.622478 0.241039 0.244021
1 0.207271 0.0268181 0.0407034 0.0536361
1 0.260041 0.0520974 0.0507578 0.100901
0 0.570862 0.268719 0.0745451 0.198157
1 0.126611 0.518716 0.201034 0.291068
1 0.0637796 0.130642 0.0317285 0.113741
1 0.0655523 0.106617 0.03751 0.148896
1 0.238457 0.70777 0.214851 0.273412
1 0.00999047 0.43403 0.0199083 0.154342
1 0.113909 0.36269 0.146132 0.118319