0 0.0563297 0.82204 0.107966 0.353024
1 0.740867 0.527139 0.219231 0.297037
1 0.509764 0.599889 0.244915 0.306404
1 0.837622 0.747129 0.254488 0.312274
1 0.570858 0.867405 0.29637 0.257541
1 0.697321 0.482047 0.185717 0.215651
1 0.866473 0.817973 0.263981 0.339829
1 0.661283 0.394558 0.163641 0.183385
1 0.475717 0.418769 0.188066 0.161958
1 0.895 0.870828 0.209676 0.250418
1 0.633383 0.335892 0.170535 0.124499
1 0.478567 0.522958 0.200282 0.221653
1 0.437309 0.311891 0.135581 0.0879516
1 0.646953 0.371061 0.169847 0.167898
1 0.671473 0.428187 0.161163 0.251504
1 0.464648 0.387576 0.174237 0.148207
1 0.439623 0.33412 0.139347 0.111169
1 0.622132 0.311536 0.15506 0.0847811
1 0.611209 0.268846 0.140984 0.0968133
1 0.448358 0.345322 0.147784 0.0846668