1 0.386047 0.407222 0.199066 0.182113
0 0.759867 0.350863 0.122508 0.285607
1 0.136431 0.808068 0.105245 0.158852
1 0.25336 0.80438 0.12375 0.152188
1 0.370612 0.766057 0.111822 0.149587
0 0.33347 0.209833 0.0640742 0.16533
0 0.13088 0.745799 0.0463942 0.145363
0 0.806133 0.565107 0.0528055 0.132711
1 0.842347 0.713522 0.270698 0.255724
1 0.336935 0.335678 0.186633 0.271706
1 0.810768 0.812741 0.202425 0.17729
1 0.230205 0.704472 0.0901209 0.109223
1 0.422367 0.860146 0.129611 0.127811
1 0.791093 0.628144 0.169081 0.145544
1 0.348321 0.74742 0.0901787 0.116997
1 0.740331 0.611725 0.087616 0.170138
1 0.405091 0.92527 0.189982 0.145536
1 0.12412 0.339853 0.0747345 0.290168
1 0.342584 0.729339 0.0975556 0.0932027
1 0.672672 0.742016 0.0209059 0.0743639
1 0.233174 0.103074 0.0462883 0.18193
1 0.0580692 0.642807 0.0236545 0.0571669
1 0.322284 0.692715 0.0828954 0.0857118
1 0.317603 0.265541 0.134601 0.149614
1 0.217552 0.68693 0.0720683 0.0851743
1 0.306776 0.659419 0.0781381 0.0621928
1 0.301043 0.651971 0.0801719 0.0638002
0 0.231149 0.0695208 0.0416579 0.139042
1 0.32128 0.678302 0.0852565 0.0681403