0 0.814489 0.789721 0.156414 0.415311
0 0.310637 0.403887 0.084326 0.411811
0 0.444039 0.561096 0.109558 0.410574
0 0.69822 0.761345 0.135731 0.466467
0 0.912937 0.26424 0.059396 0.142123
1 0.482313 0.586061 0.279029 0.356151
1 0.800295 0.616717 0.0991446 0.380359
1 0.475928 0.338434 0.0835127 0.331735
1 0.543091 0.942654 0.292316 0.109121
1 0.55136 0.59063 0.140275 0.351543
0 0.540568 0.343981 0.0740209 0.289829
0 0.511123 0.170451 0.107938 0.215613
1 0.72295 0.596652 0.248057 0.411118
1 0.682671 0.539306 0.164404 0.30145
1 0.882141 0.48998 0.121898 0.228105
0 0.513672 0.268575 0.114527 0.414025