1 0.739802 0.527129 0.221577 0.296268
1 0.839709 0.7467 0.258737 0.311986
1 0.509674 0.600639 0.245484 0.30477
0 0.452904 0.388008 0.060495 0.228072
1 0.569598 0.867799 0.289602 0.256634
1 0.695881 0.475726 0.186992 0.204796
1 0.65963 0.390798 0.16693 0.176963
1 0.476149 0.50436 0.195725 0.265135
1 0.0274155 0.346718 0.0422266 0.114864
1 0.867367 0.815122 0.263325 0.337916
1 0.631948 0.319957 0.170991 0.107177
1 0.462283 0.421649 0.174686 0.160705
1 0.882346 0.867543 0.234355 0.247984
1 0.609742 0.269396 0.141606 0.0962796
1 0.619624 0.303233 0.155072 0.0784905
1 0.631495 0.342855 0.174703 0.155411
1 0.439193 0.332024 0.137471 0.115304
1 0.816956 0.871201 0.364714 0.245769
1 0.433439 0.295445 0.130142 0.172276