1 0.737909 0.526767 0.225268 0.298257
1 0.511946 0.605169 0.24134 0.2954
1 0.834734 0.746756 0.248029 0.31106
1 0.46994 0.407712 0.189822 0.216851
1 0.570019 0.867456 0.292443 0.257065
1 0.694437 0.476905 0.188809 0.203257
1 0.866928 0.818253 0.262331 0.33602
1 0.660568 0.396384 0.166004 0.18247
1 0.630928 0.347354 0.172546 0.161509
1 0.891301 0.868935 0.216502 0.246926
1 0.437092 0.310518 0.136197 0.092681
1 0.609989 0.267235 0.141017 0.0935599
1 0.43807 0.328643 0.139225 0.121982
0 0.227527 0.11984 0.0230377 0.0488312
0 0.227886 0.154276 0.0241481 0.118437
1 0.620714 0.311355 0.154818 0.0857196
1 0.816449 0.871676 0.36564 0.246477