1 0.584339 0.487778 0.162118 0.279045
0 0.590048 0.431894 0.0781321 0.347666
1 0.357284 0.878374 0.256378 0.234164
0 0.655055 0.313841 0.0722457 0.162668
1 0.397147 0.119308 0.0832132 0.141344
1 0.126192 0.515851 0.204981 0.337186
0 0.886308 0.834464 0.0716591 0.28537
1 0.888277 0.890037 0.0900398 0.216689
0 0.387249 0.0751508 0.0532751 0.148166
0 0.392327 0.443596 0.0999363 0.305877
1 0.227076 0.746762 0.256722 0.376016
0 0.987515 0.33442 0.0241985 0.112494
1 0.0655574 0.125022 0.0346087 0.126345
0 0.408979 0.441822 0.0664409 0.301988