0 0.272368 0.539705 0.116309 0.363104
1 0.74084 0.527407 0.219469 0.296395
1 0.50974 0.600605 0.245352 0.305027
1 0.836809 0.746631 0.252982 0.31208
1 0.570315 0.867361 0.293625 0.257417
1 0.866782 0.819634 0.263947 0.336795
1 0.696514 0.482356 0.186332 0.216442
1 0.659681 0.394443 0.164851 0.180747
1 0.469728 0.412852 0.180441 0.175
1 0.894914 0.871632 0.209949 0.248673
1 0.630408 0.324882 0.170659 0.111279
1 0.477708 0.50911 0.199233 0.251877
1 0.437697 0.311979 0.136072 0.0882177
1 0.610482 0.264114 0.146449 0.093158
1 0.438281 0.333038 0.137313 0.112898
1 0.64487 0.371534 0.172061 0.169968
1 0.669412 0.428637 0.158266 0.240077
1 0.620581 0.311261 0.158363 0.0866503
1 0.446155 0.344583 0.150945 0.0763236