1 0.58422 0.488931 0.162683 0.276604
0 0.594592 0.431696 0.0871492 0.349633
1 0.359553 0.878652 0.251585 0.233907
1 0.56015 0.187245 0.103435 0.144962
1 0.22772 0.749834 0.259268 0.378855
1 0.126874 0.507034 0.205572 0.359403
1 0.845823 0.217641 0.0648926 0.0931391
0 0.561928 0.135173 0.0428965 0.145152
0 0.98655 0.334666 0.0260799 0.120312
0 0.848256 0.181007 0.034856 0.0837313
0 0.921335 0.53442 0.0540909 0.119128
0 0.53771 0.101213 0.0343987 0.101117
1 0.873542 0.620926 0.0905144 0.169344
0 0.537341 0.126246 0.0357086 0.152027