1 0.58453 0.488499 0.162177 0.27571
0 0.59395 0.433479 0.0859194 0.353387
1 0.359056 0.878823 0.253004 0.234751
1 0.473706 0.12869 0.0889399 0.136411
1 0.819186 0.57694 0.168934 0.245531
1 0.128096 0.518103 0.202308 0.336362
0 0.842223 0.472692 0.0659508 0.159953
1 0.228489 0.749522 0.259473 0.372249
0 0.473227 0.0843181 0.0372519 0.135009
1 0.103465 0.359215 0.135334 0.104964
1 0.06271 0.12862 0.0311393 0.114542
0 0.0977973 0.104301 0.0205641 0.0841926
0 0.986426 0.336588 0.0264029 0.113549
0 0.455402 0.0841715 0.0313004 0.13391