1 0.494622 0.609353 0.255474 0.408927
0 0.382857 0.661608 0.118282 0.443253
0 0.644244 0.328366 0.097618 0.38748
0 0.45593 0.324827 0.0638903 0.32246
1 0.265623 0.255274 0.151063 0.241593
0 0.0746401 0.780167 0.127658 0.420896
0 0.700286 0.732707 0.102769 0.395893
0 0.0374302 0.348039 0.0727055 0.28291
1 0.73445 0.629136 0.264112 0.431459
0 0.259504 0.211812 0.0651384 0.327395
1 0.356706 0.0880729 0.13715 0.134468
0 0.588894 0.107868 0.0436165 0.215735
1 0.056837 0.354849 0.113572 0.169168
0 0.628949 0.141953 0.0513859 0.278883
1 0.543506 0.879687 0.294326 0.231934
1 0.881211 0.470753 0.119299 0.210513
0 0.769078 0.116854 0.0400127 0.232168
0 0.726514 0.0672604 0.0473129 0.132566
0 0.353234 0.0874011 0.0676033 0.172325
1 0.485073 0.878564 0.176444 0.230713
0 0.934478 0.832629 0.129905 0.327244