0 0.129276 0.745074 0.103001 0.435691
1 0.741966 0.527123 0.217139 0.296924
1 0.510152 0.602618 0.244286 0.301037
1 0.837134 0.746958 0.253613 0.311168
1 0.568102 0.867552 0.290102 0.257664
1 0.697092 0.481256 0.184863 0.213779
1 0.866277 0.818127 0.26426 0.337476
1 0.660853 0.39179 0.164492 0.176279
1 0.476475 0.421005 0.189187 0.159447
1 0.894902 0.871228 0.210039 0.249515
1 0.632336 0.327458 0.17248 0.110067
1 0.47885 0.511422 0.200071 0.24761
1 0.438167 0.314036 0.136404 0.083227
1 0.64692 0.371723 0.17095 0.173169
1 0.630104 0.34646 0.174615 0.154626
1 0.673216 0.428979 0.164513 0.250863
1 0.448532 0.346152 0.147631 0.0827573
1 0.442047 0.335703 0.143183 0.111609
1 0.622192 0.312778 0.15899 0.0891977
1 0.60221 0.279146 0.157509 0.116089
1 0.465195 0.392535 0.179095 0.127223