1 0.252969 0.804358 0.124125 0.151708
1 0.386286 0.407224 0.198921 0.182066
1 0.370126 0.765703 0.112585 0.150176
0 0.134742 0.761442 0.0622072 0.163783
1 0.131073 0.804738 0.102467 0.16377
0 0.329173 0.216127 0.0668125 0.167634
1 0.336065 0.341595 0.183166 0.258497
1 0.778091 0.622163 0.165254 0.15545
1 0.834656 0.690337 0.258698 0.252534
1 0.815525 0.81881 0.204495 0.193814
1 0.421331 0.859744 0.127053 0.126058
1 0.124599 0.340042 0.0757031 0.289008
1 0.230462 0.705139 0.090801 0.108723
1 0.405067 0.925177 0.19011 0.146219
1 0.23358 0.104568 0.045923 0.179396
1 0.348081 0.74672 0.0911193 0.11656
1 0.672629 0.742084 0.0204198 0.0737962
1 0.342784 0.729427 0.097031 0.0937025
1 0.317691 0.264908 0.134623 0.153971
1 0.0562306 0.647735 0.0229164 0.0433445
1 0.326551 0.694402 0.0792436 0.0788537
1 0.216597 0.687617 0.0692621 0.0840825
1 0.30349 0.655402 0.0815286 0.0623945
1 0.910857 0.392414 0.0294773 0.0627977
1 0.795327 0.418879 0.0443435 0.155787