1 0.511858 0.607026 0.24145 0.292199
1 0.736814 0.526862 0.227423 0.297841
1 0.837133 0.746828 0.253653 0.311856
1 0.569911 0.867491 0.290201 0.257575
1 0.469712 0.407878 0.189601 0.216971
1 0.695168 0.475534 0.189428 0.202676
1 0.660033 0.397882 0.165156 0.182318
1 0.867386 0.816728 0.26298 0.3395
1 0.630933 0.348375 0.174457 0.16237
1 0.885404 0.868242 0.228359 0.247625
1 0.437134 0.310963 0.135735 0.0911835
1 0.608042 0.27266 0.143972 0.103128
1 0.438818 0.328352 0.140356 0.1227
1 0.618792 0.310468 0.152332 0.0880987