1 0.367283 0.572556 0.221615 0.281896
0 0.256035 0.117208 0.0349211 0.138088
1 0.810913 0.336408 0.0700978 0.114896
1 0.681969 0.243045 0.0567772 0.0976439
0 0.682067 0.209233 0.0408596 0.107134
0 0.906009 0.302644 0.0330448 0.0916052
1 0.858126 0.295578 0.0502438 0.0824899
1 0.329056 0.445033 0.199716 0.245035
1 0.906037 0.326245 0.031197 0.0774445
0 0.859436 0.262767 0.0292088 0.0903204
0 0.823051 0.280524 0.0256008 0.0859253
0 0.299569 0.116963 0.028519 0.134282
1 0.315452 0.413685 0.170767 0.189127
0 0.510574 0.478831 0.0497202 0.313901