1 0.264858 0.255817 0.151513 0.240643
0 0.378051 0.586071 0.0879459 0.363382
0 0.453357 0.325284 0.0915537 0.345468
1 0.489933 0.585841 0.234551 0.351618
1 0.732782 0.613383 0.266519 0.443694
0 0.256707 0.213269 0.0667851 0.328821
0 0.769693 0.0978928 0.0370724 0.181319
1 0.877566 0.470164 0.112004 0.207314
1 0.818151 0.541911 0.0729895 0.235713
0 0.019488 0.435569 0.0383711 0.254138
1 0.0777739 0.359507 0.105748 0.198485
0 0.701373 0.0817605 0.027293 0.149007
0 0.794815 0.66922 0.0736311 0.196024
1 0.543267 0.943381 0.295837 0.110635
0 0.948847 0.836942 0.101397 0.312526
0 0.0322951 0.317465 0.0639043 0.23972
0 0.0332266 0.257556 0.0620959 0.118818