1 0.355945 0.87942 0.258815 0.234192
0 0.700624 0.831459 0.136741 0.332571
1 0.178628 0.623292 0.240304 0.244571
0 0.626505 0.565929 0.0828203 0.279868
0 0.593452 0.424934 0.0839203 0.34105
1 0.127887 0.53565 0.201584 0.281035
0 0.15492 0.760298 0.112683 0.332018
1 0.219917 0.751568 0.25112 0.362469
0 0.612134 0.841969 0.103292 0.258418
1 0.157795 0.840486 0.118131 0.191754
1 0.105857 0.430973 0.163626 0.232181
1 0.61392 0.840276 0.105071 0.262347
1 0.596901 0.542104 0.188013 0.38752
1 0.00583459 0.434504 0.0116101 0.1338
0 0.609764 0.525307 0.0609003 0.232471