1 0.740329 0.527083 0.220416 0.297491
1 0.511918 0.604379 0.241463 0.298266
0 0.317388 0.359713 0.0873738 0.258934
1 0.839881 0.746799 0.25898 0.311244
1 0.469412 0.406645 0.19122 0.218929
1 0.57114 0.867322 0.293042 0.257189
1 0.696378 0.479219 0.186232 0.210755
1 0.3186 0.438676 0.0545526 0.140774
1 0.661263 0.396479 0.165669 0.188534
1 0.867382 0.815631 0.263239 0.340499
1 0.631782 0.345767 0.172534 0.164079
1 0.887429 0.868406 0.224253 0.247227
1 0.437618 0.309568 0.137677 0.0872763
1 0.610636 0.267409 0.139137 0.0911569
1 0.437862 0.32791 0.13853 0.121998
1 0.621322 0.310953 0.150268 0.0843133
1 0.426034 0.271871 0.114291 0.124281