0 0.185045 0.64538 0.0837976 0.40669
1 0.741792 0.526979 0.217477 0.297063
1 0.509881 0.603521 0.244993 0.299525
1 0.836879 0.747023 0.253088 0.31129
1 0.568704 0.867362 0.290745 0.257805
1 0.69735 0.480346 0.184691 0.213128
1 0.866286 0.817664 0.264473 0.337405
1 0.661396 0.392715 0.165469 0.179278
1 0.476455 0.420563 0.189438 0.160554
1 0.894852 0.871706 0.210156 0.248416
1 0.632511 0.332421 0.173483 0.128369
1 0.479547 0.523096 0.202004 0.22074
1 0.437938 0.314466 0.135879 0.0825423
1 0.645578 0.369028 0.171866 0.175271
1 0.672086 0.427722 0.162159 0.251888
1 0.600153 0.280865 0.16312 0.119443
1 0.442865 0.333855 0.144941 0.114973
1 0.621494 0.313338 0.161397 0.0900308
1 0.463948 0.384338 0.174609 0.133811
1 0.44528 0.343111 0.147907 0.0733406