0 0.211594 0.679511 0.0991744 0.427161
1 0.512078 0.607322 0.241407 0.291146
1 0.739458 0.5269 0.222005 0.297206
1 0.569505 0.867687 0.289925 0.256827
1 0.83606 0.747042 0.251762 0.312685
1 0.469699 0.407028 0.189634 0.218049
1 0.697605 0.480142 0.184932 0.211821
1 0.866552 0.819728 0.264091 0.331636
1 0.661323 0.397476 0.165726 0.18808
1 0.63044 0.348642 0.177989 0.167032
1 0.894492 0.871019 0.210611 0.249353
1 0.437364 0.311732 0.136346 0.0901627
1 0.674237 0.428082 0.16739 0.25321
1 0.610502 0.274786 0.14358 0.107095
1 0.817059 0.872981 0.364319 0.244548
1 0.441176 0.32757 0.145196 0.12148
1 0.618034 0.308806 0.155028 0.0883916