0 0.339394 0.397543 0.0647208 0.281815
1 0.740188 0.527413 0.220533 0.295874
1 0.509588 0.608884 0.24565 0.288566
1 0.836368 0.746853 0.252368 0.311148
1 0.696134 0.477817 0.185312 0.209271
1 0.570255 0.867108 0.291625 0.257821
1 0.86665 0.816654 0.264458 0.338285
1 0.661139 0.3943 0.163297 0.181553
1 0.477566 0.419363 0.18624 0.160805
1 0.894755 0.871222 0.210226 0.248545
1 0.479613 0.51606 0.20149 0.23584
1 0.632295 0.32697 0.169062 0.119581
1 0.437716 0.312164 0.134443 0.0892981
1 0.646237 0.366043 0.171451 0.175233
1 0.610158 0.268933 0.14153 0.0955849
1 0.62191 0.310497 0.152603 0.0894409
1 0.463323 0.386044 0.176764 0.140717
1 0.440481 0.339852 0.1389 0.132733
1 0.473936 0.441975 0.174706 0.118253
1 0.422846 0.277716 0.116854 0.136332
1 0.451951 0.358194 0.156942 0.104157