1 0.252771 0.803938 0.124324 0.154188
1 0.385958 0.410204 0.197712 0.175993
1 0.370299 0.765332 0.111273 0.150878
0 0.315045 0.26076 0.109114 0.140417
1 0.781208 0.623066 0.171831 0.154535
0 0.142281 0.630648 0.029704 0.0900682
1 0.83344 0.688238 0.256392 0.250406
1 0.781603 0.420955 0.0737946 0.14877
1 0.813143 0.819325 0.210988 0.193362
1 0.342796 0.33324 0.179532 0.274908
1 0.230986 0.704691 0.0899881 0.109102
1 0.421609 0.859828 0.127327 0.12352
1 0.124471 0.340934 0.0762448 0.289192
1 0.404604 0.923125 0.190679 0.150459
1 0.144195 0.665033 0.0255193 0.0615667
1 0.672659 0.74195 0.0205703 0.0754354
1 0.348349 0.747122 0.091103 0.118004
1 0.342642 0.7279 0.0965245 0.093188
1 0.233571 0.106551 0.0452873 0.174903
1 0.217483 0.683027 0.0725933 0.0917634
0 0.78469 0.119797 0.0352839 0.0915207
1 0.327205 0.693738 0.0764957 0.0776301
1 0.896894 0.39101 0.0446608 0.065968
1 0.306402 0.658487 0.0805175 0.0605763
1 0.300278 0.651076 0.0783952 0.0626233