1 0.742049 0.526359 0.2172 0.29594
1 0.510037 0.599057 0.244765 0.307999
1 0.839492 0.746631 0.258333 0.311743
1 0.569562 0.867414 0.290814 0.257871
1 0.697021 0.482447 0.186452 0.216238
1 0.866581 0.818626 0.263775 0.337159
1 0.660958 0.394754 0.163302 0.181325
1 0.474523 0.417196 0.185697 0.164295
1 0.89489 0.870872 0.209934 0.249903
1 0.635916 0.339233 0.169916 0.148767
1 0.478017 0.521791 0.199141 0.224447
1 0.4379 0.311077 0.135865 0.0890361
1 0.673463 0.429273 0.16534 0.248972
1 0.611095 0.267474 0.142244 0.0933781
1 0.463218 0.392224 0.176189 0.159752
1 0.645793 0.371626 0.168986 0.167829
1 0.4393 0.333996 0.138333 0.11112
1 0.622629 0.310623 0.153133 0.0838867
1 0.447922 0.345029 0.147381 0.0831614