0 0.380517 0.63492 0.11632 0.388001
1 0.489114 0.609838 0.265366 0.409317
1 0.26543 0.254585 0.148409 0.24364
0 0.454857 0.321757 0.0757402 0.340309
1 0.733133 0.616742 0.266885 0.461771
0 0.510442 0.287003 0.0632074 0.369785
0 0.628332 0.148986 0.0520557 0.291515
0 0.258644 0.216286 0.0697863 0.328579
1 0.0573999 0.366161 0.1138 0.180424
0 0.0747153 0.746818 0.139854 0.362714
0 0.0379413 0.348646 0.065969 0.278458
0 0.778365 0.117466 0.0384121 0.234262
1 0.106429 0.210921 0.127337 0.167302
1 0.878308 0.470073 0.118111 0.207005
0 0.757881 0.116953 0.0776651 0.233798
1 0.607274 0.879498 0.422139 0.228508