1 0.737916 0.527382 0.224827 0.296166
1 0.509277 0.607028 0.246235 0.291222
1 0.837258 0.747264 0.254147 0.311344
1 0.567084 0.867586 0.284866 0.257446
1 0.695266 0.472948 0.188361 0.196452
0 0.393002 0.367922 0.0729259 0.257036
1 0.661529 0.397114 0.160528 0.183659
1 0.86582 0.816329 0.265873 0.33877
1 0.479261 0.521551 0.200958 0.224118
1 0.632961 0.327124 0.170463 0.127265
1 0.0220489 0.367564 0.0421682 0.13122
1 0.468634 0.412238 0.180177 0.169877
1 0.89419 0.870424 0.211248 0.249012
1 0.643342 0.361981 0.1732 0.176255
1 0.610028 0.268307 0.144599 0.0944342
1 0.620764 0.308315 0.151897 0.085916
1 0.816544 0.871517 0.36539 0.245488
1 0.476597 0.438811 0.192752 0.129634