1 0.496488 0.584512 0.248961 0.358354
0 0.375658 0.601164 0.112537 0.333141
1 0.2659 0.254329 0.149853 0.239747
0 0.283347 0.340608 0.115219 0.398866
0 0.0360845 0.347544 0.0677968 0.278193
1 0.729984 0.609821 0.274165 0.447724
1 0.0552063 0.361254 0.110413 0.15853
0 0.252803 0.141002 0.061059 0.182846
0 0.450527 0.309096 0.0967835 0.319171
0 0.0777864 0.780109 0.144095 0.417242
1 0.98056 0.818371 0.0380943 0.275077
1 0.586232 0.94251 0.377246 0.11279
1 0.883071 0.474436 0.121269 0.206198
1 0.816896 0.522237 0.077421 0.269005