1 0.738885 0.526835 0.223022 0.298027
1 0.512034 0.601789 0.241264 0.302504
1 0.835273 0.74625 0.248761 0.310238
1 0.469651 0.406946 0.191147 0.217731
1 0.569016 0.867439 0.288936 0.257994
0 0.268882 0.219649 0.0426543 0.162682
1 0.695866 0.48006 0.186669 0.21091
1 0.867027 0.818281 0.262914 0.33457
1 0.2776 0.273551 0.0325615 0.0803068
1 0.660496 0.398326 0.16731 0.18609
1 0.62996 0.347711 0.173942 0.162009
1 0.437117 0.327716 0.138316 0.122313
1 0.89073 0.868765 0.217609 0.246204
1 0.606897 0.267038 0.143339 0.0920703
1 0.0186929 0.377574 0.0360449 0.167807
1 0.619564 0.31064 0.156518 0.0844443
1 0.8166 0.872025 0.365399 0.244925