1 0.740632 0.527019 0.219873 0.296914
1 0.509721 0.606087 0.245561 0.293796
0 0.44644 0.39021 0.0566105 0.226547
1 0.839011 0.746634 0.257335 0.310585
1 0.571142 0.867419 0.293682 0.257179
1 0.695862 0.474198 0.188174 0.200592
1 0.660322 0.391878 0.165948 0.178236
1 0.867488 0.816254 0.26341 0.341136
1 0.631632 0.337156 0.177541 0.147556
1 0.888112 0.868572 0.222843 0.247414
1 0.639309 0.360358 0.178667 0.173679
1 0.607437 0.274519 0.148971 0.111207
1 0.474861 0.506746 0.190028 0.271999
1 0.619058 0.310174 0.158365 0.0876326