0 0.189356 0.621568 0.0790457 0.394627
1 0.74057 0.527352 0.219648 0.29658
1 0.83751 0.746743 0.254685 0.311253
1 0.509851 0.604622 0.245178 0.296721
1 0.694703 0.475086 0.186437 0.20448
1 0.569963 0.867451 0.292295 0.258236
1 0.661284 0.394273 0.163708 0.181002
1 0.867932 0.816094 0.262482 0.342
1 0.475935 0.419025 0.188685 0.162961
1 0.633383 0.335519 0.169975 0.142659
1 0.894906 0.870753 0.20984 0.250074
1 0.436826 0.310981 0.135663 0.0895988
1 0.479116 0.511397 0.201105 0.248353
1 0.439562 0.332919 0.139751 0.115333
1 0.464559 0.391887 0.174631 0.153378
1 0.644873 0.363676 0.169993 0.180357
1 0.611726 0.270359 0.139401 0.0960905
1 0.621124 0.309078 0.152093 0.0877948
1 0.473136 0.440991 0.177111 0.121333
1 0.447374 0.345916 0.1494 0.0859626