0 0.170516 0.784241 0.123707 0.427801
1 0.737971 0.52688 0.225266 0.297136
1 0.512095 0.606615 0.241259 0.292327
1 0.567485 0.867819 0.290298 0.25683
1 0.836154 0.747145 0.251913 0.311583
1 0.469971 0.407446 0.189366 0.217397
1 0.696971 0.476473 0.187145 0.205472
1 0.661318 0.395682 0.164993 0.183719
1 0.866762 0.815274 0.264519 0.339001
1 0.630417 0.348201 0.173923 0.166653
1 0.0377503 0.353513 0.0391326 0.128586
1 0.894013 0.870212 0.211522 0.250067
1 0.240784 0.377035 0.0551313 0.0323284
1 0.437199 0.311921 0.136055 0.089691
1 0.67957 0.429047 0.176676 0.251829
1 0.608796 0.268503 0.141285 0.0934435
1 0.439891 0.328158 0.142703 0.121802
1 0.81694 0.871905 0.364556 0.245219