1 0.740777 0.527365 0.219335 0.296293
1 0.5094 0.598793 0.245976 0.308225
1 0.837814 0.746657 0.254987 0.311775
1 0.568833 0.867601 0.291046 0.257455
0 0.380699 0.471587 0.0555828 0.348626
1 0.697815 0.483183 0.185379 0.218288
1 0.867613 0.817364 0.262762 0.340866
1 0.660419 0.395259 0.164109 0.180774
1 0.477144 0.520281 0.19688 0.230371
1 0.476399 0.421729 0.173778 0.157345
1 0.885241 0.866979 0.228569 0.250802
1 0.445262 0.312335 0.121602 0.0868415
1 0.630317 0.321651 0.168974 0.108272
1 0.609533 0.263969 0.143902 0.0936708
1 0.670406 0.42946 0.160587 0.246753
1 0.646727 0.374547 0.172952 0.167988
1 0.617915 0.309565 0.157343 0.0947628
1 0.452234 0.342262 0.135823 0.0691391