1 0.511978 0.606799 0.241274 0.292202
1 0.73749 0.526745 0.226071 0.297867
1 0.836811 0.747042 0.252891 0.311265
1 0.469971 0.408077 0.189298 0.216086
1 0.571082 0.867286 0.294777 0.257856
1 0.69491 0.475292 0.189204 0.200924
1 0.866731 0.816673 0.263787 0.336366
1 0.659957 0.396796 0.166446 0.182354
1 0.630962 0.348731 0.174994 0.162866
1 0.895047 0.871761 0.209655 0.247305
1 0.149372 0.24691 0.0387148 0.0678752
1 0.43883 0.328728 0.140166 0.122441
1 0.437311 0.310372 0.137339 0.0874039
1 0.605707 0.276782 0.147674 0.109531
1 0.0326052 0.328945 0.0314153 0.0646211
0 0.183532 0.11027 0.016087 0.0457652