1 0.573509 0.240241 0.123449 0.174773
1 0.588427 0.488318 0.156038 0.276519
0 0.59504 0.431695 0.0850374 0.351828
1 0.356982 0.878516 0.25615 0.234407
0 0.824432 0.510061 0.0757695 0.245696
1 0.460787 0.11171 0.0883538 0.126321
1 0.177767 0.624294 0.241791 0.242127
0 0.441478 0.331338 0.0902797 0.192042
0 0.567843 0.183905 0.0400547 0.180414
1 0.12652 0.515071 0.202971 0.307893
0 0.45852 0.0862985 0.0428539 0.157468
1 0.22071 0.755556 0.249667 0.364724
1 0.443471 0.421145 0.148796 0.474638
1 0.0637006 0.135332 0.0297064 0.106361
0 0.0660061 0.0944401 0.0375584 0.12507
1 0.00939361 0.431628 0.0187076 0.150527
1 0.114441 0.389695 0.147569 0.160182