0 0.265606 0.487184 0.0735383 0.327231
1 0.739215 0.527248 0.222359 0.296771
1 0.837223 0.746701 0.254269 0.310809
1 0.50948 0.603542 0.245839 0.299253
1 0.568809 0.867729 0.28799 0.257435
1 0.696139 0.47508 0.187831 0.204759
1 0.661355 0.394379 0.163367 0.181035
1 0.867822 0.816373 0.262864 0.342599
1 0.476363 0.419278 0.188042 0.162393
1 0.894826 0.871168 0.210066 0.249189
1 0.436673 0.309987 0.135398 0.091244
1 0.632871 0.331604 0.169049 0.135548
0 0.368852 0.0174249 0.0109278 0.029475
1 0.478895 0.502798 0.201065 0.265961
1 0.610499 0.268919 0.14064 0.0951597
1 0.438555 0.333276 0.138403 0.117286
1 0.646615 0.365054 0.16912 0.180504
1 0.462156 0.390497 0.176517 0.160122
1 0.621961 0.308875 0.151033 0.0886689
1 0.4475 0.350899 0.154575 0.090701
1 0.427085 0.267673 0.117942 0.118033