1 0.388092 0.415704 0.203361 0.166592
1 0.37018 0.764826 0.111848 0.152083
1 0.250848 0.801312 0.127733 0.156543
0 0.343982 0.274846 0.0849615 0.129311
1 0.124595 0.340088 0.0753473 0.290874
1 0.418893 0.881042 0.126482 0.166886
0 0.216036 0.705167 0.0499155 0.103811
1 0.336678 0.365661 0.18892 0.209735
1 0.294313 0.936202 0.170299 0.123079
0 0.709316 0.288382 0.0865461 0.191577
1 0.347752 0.747345 0.0936642 0.118603
1 0.225361 0.769078 0.103586 0.143
1 0.0588934 0.643829 0.0241122 0.0506705
1 0.325065 0.697703 0.0812469 0.0868066
1 0.440309 0.947583 0.121284 0.0998105
1 0.283343 0.279475 0.065397 0.1282
1 0.343837 0.729236 0.0968988 0.0912815
1 0.438809 0.926185 0.125897 0.144377
0 0.709401 0.338668 0.0867278 0.292957
1 0.233528 0.107975 0.0441731 0.166543
1 0.308185 0.661127 0.0777531 0.0637736
1 0.301769 0.651516 0.0799774 0.0665449
1 0.322937 0.270162 0.147443 0.140601
0 0.23165 0.0691577 0.0417494 0.138315
1 0.430088 0.905431 0.132882 0.130567