1 0.739624 0.526967 0.221679 0.297038
1 0.509586 0.606594 0.245396 0.293009
1 0.837304 0.746649 0.254321 0.31104
0 0.432383 0.30404 0.0789579 0.147434
1 0.569005 0.867414 0.289266 0.257303
1 0.696474 0.476954 0.186532 0.204746
1 0.865568 0.816742 0.26631 0.34089
1 0.660635 0.391897 0.163797 0.179092
1 0.478775 0.524841 0.199436 0.220768
1 0.473367 0.41968 0.187654 0.161483
1 0.632521 0.332053 0.167979 0.139664
1 0.894961 0.871552 0.209726 0.247548
1 0.645089 0.361091 0.173535 0.177195
1 0.605363 0.280433 0.151122 0.118044
0 0.157507 0.0945961 0.0144392 0.0510639
1 0.608157 0.26471 0.142482 0.0927921
1 0.622365 0.309348 0.151489 0.0871106
1 0.671575 0.430041 0.164358 0.245259