1 0.738085 0.527355 0.224827 0.296489
1 0.509651 0.605913 0.245484 0.294152
0 0.446525 0.390077 0.0566973 0.226332
1 0.836855 0.746673 0.25289 0.311009
1 0.571357 0.867371 0.294154 0.257117
1 0.695124 0.471133 0.189254 0.193796
1 0.659923 0.390939 0.165467 0.175407
1 0.867618 0.816645 0.263128 0.340039
1 0.630932 0.338098 0.17663 0.149809
1 0.88705 0.867554 0.224935 0.249709
1 0.607436 0.27332 0.147605 0.106823
1 0.475111 0.505812 0.190055 0.270402
1 0.618887 0.312087 0.15889 0.0887676
1 0.0945375 0.254734 0.0430775 0.0723674