1 0.386043 0.415388 0.200858 0.165665
1 0.339933 0.337084 0.193583 0.266317
1 0.252312 0.801861 0.124073 0.157105
1 0.370267 0.765681 0.112114 0.150311
1 0.124603 0.340055 0.0758062 0.29121
1 0.810032 0.81957 0.205074 0.189925
1 0.183377 0.790243 0.114904 0.140755
0 0.345126 0.249522 0.0731641 0.155719
1 0.762434 0.390782 0.0979624 0.206645
1 0.841608 0.712222 0.270449 0.257966
1 0.421212 0.860268 0.12684 0.124593
1 0.785438 0.62615 0.175533 0.146145
1 0.673001 0.741823 0.0208416 0.0741406
1 0.405582 0.922188 0.189102 0.152653
0 0.705184 0.277814 0.074917 0.213618
1 0.344051 0.742386 0.0966118 0.109799
0 0.80188 0.565222 0.0846262 0.117612
1 0.803369 0.716942 0.193363 0.174317
1 0.326108 0.696395 0.0795218 0.0871289
1 0.233443 0.106049 0.0442647 0.16856
1 0.0587722 0.647066 0.024349 0.0445319
0 0.784055 0.116627 0.0354121 0.0876323
1 0.92754 0.402596 0.0281265 0.0709958
1 0.307705 0.660658 0.0785937 0.0619653
1 0.338201 0.726504 0.0916384 0.0906164
1 0.31841 0.263268 0.138208 0.155166
1 0.932709 0.407875 0.0178873 0.0618568
1 0.219469 0.67452 0.0690454 0.0494025
1 0.301843 0.6512 0.0798156 0.0650887
1 0.216019 0.658199 0.0678775 0.049885