1 0.500466 0.610123 0.243064 0.407173
1 0.264865 0.25481 0.149952 0.239033
0 0.377291 0.61436 0.0900961 0.426535
1 0.733961 0.612346 0.266401 0.431169
0 0.256626 0.212329 0.0682349 0.328221
0 0.392313 0.319049 0.0840526 0.283267
0 0.788172 0.708107 0.0977526 0.244881
0 0.796574 0.118278 0.0473072 0.200605
1 0.0222858 0.363621 0.0443226 0.105976
1 0.876756 0.473605 0.108761 0.200984
1 0.679673 0.940625 0.56581 0.113467
0 0.775792 0.791333 0.12256 0.407714
1 0.0910679 0.181362 0.0365057 0.103967
1 0.813791 0.5526 0.0843971 0.257268
1 0.462914 0.798172 0.133828 0.0608938