1 0.584816 0.487695 0.160584 0.278189
1 0.356823 0.878883 0.257231 0.232307
0 0.656502 0.316952 0.0703686 0.159528
0 0.58804 0.433229 0.0747422 0.34946
1 0.12548 0.52206 0.20586 0.326927
1 0.768448 0.398356 0.0870995 0.210776
0 0.714588 0.306124 0.044302 0.225499
0 0.970459 0.905056 0.05826 0.176149
0 0.75337 0.339108 0.0497762 0.221865
0 0.427093 0.456674 0.0797837 0.323067
1 0.285574 0.710226 0.145694 0.250877
1 0.104521 0.359175 0.133934 0.109347
0 0.987716 0.331537 0.0237806 0.110522
0 0.974118 0.936711 0.0509235 0.120576