1 0.386218 0.404577 0.19838 0.187883
1 0.252984 0.804116 0.124004 0.153358
0 0.161622 0.709967 0.0556333 0.155095
1 0.370726 0.765668 0.111504 0.150277
0 0.337193 0.232663 0.087978 0.188257
0 0.786251 0.372982 0.112843 0.239832
1 0.335935 0.336764 0.185505 0.270079
1 0.124483 0.341219 0.0757439 0.290332
1 0.779594 0.62178 0.16938 0.156729
1 0.913477 0.400243 0.0458282 0.0575148
1 0.229849 0.702882 0.0919508 0.11242
1 0.421261 0.860996 0.127625 0.128543
1 0.815201 0.813342 0.214228 0.182866
1 0.833656 0.688638 0.258647 0.249277
1 0.15428 0.767734 0.0329383 0.0749502
1 0.404666 0.925776 0.190602 0.145242
1 0.672652 0.74192 0.0205965 0.0752716
1 0.347788 0.746906 0.0907139 0.118509
1 0.343005 0.72773 0.0954245 0.0935174
0 0.915641 0.381674 0.0230862 0.0607431
1 0.233943 0.106524 0.0453031 0.174782
1 0.327175 0.693843 0.076754 0.0767224
1 0.806627 0.708117 0.198502 0.18961
1 0.21798 0.686855 0.0732075 0.0875817
1 0.307278 0.658846 0.0793522 0.0609538
1 0.216288 0.657618 0.0687881 0.06817
1 0.277065 0.278233 0.0522498 0.125069
1 0.319143 0.686095 0.0820079 0.075335
0 0.783231 0.116049 0.0324291 0.091879
1 0.301278 0.651154 0.0796528 0.0627436
1 0.332744 0.717318 0.0827178 0.0833761
0 0.2314 0.0452411 0.0427186 0.0904822