1 0.736826 0.527012 0.22719 0.297657
1 0.512001 0.605735 0.241423 0.294696
0 0.0856688 0.865298 0.109214 0.265297
1 0.835438 0.746312 0.250272 0.311425
1 0.469986 0.407791 0.19018 0.216847
1 0.570338 0.867445 0.293682 0.258075
1 0.694111 0.473584 0.189438 0.198279
1 0.659478 0.394761 0.164088 0.177117
1 0.867778 0.816556 0.26262 0.340324
1 0.631399 0.348243 0.172728 0.163475
1 0.887712 0.868969 0.223782 0.246994
1 0.609475 0.268584 0.141339 0.0959647
0 0.177466 0.10182 0.0177362 0.0575762
1 0.437358 0.310053 0.136527 0.094181
1 0.439815 0.327527 0.142122 0.124914
1 0.605027 0.287608 0.148968 0.135101
1 0.425436 0.267919 0.114558 0.116779