0 0.38145 0.635317 0.115344 0.386778
1 0.492541 0.611019 0.259483 0.406814
0 0.609286 0.324027 0.0897296 0.404169
1 0.265706 0.251942 0.148671 0.245799
0 0.460082 0.320429 0.0829149 0.325071
0 0.0742122 0.782033 0.130815 0.418556
0 0.258689 0.21088 0.0697267 0.323995
0 0.628402 0.116663 0.051214 0.226809
1 0.0570669 0.361391 0.113728 0.158275
0 0.0333065 0.348368 0.0617539 0.280673
1 0.734196 0.592929 0.262899 0.504528
0 0.726055 0.105009 0.0535938 0.210019
1 0.887406 0.470402 0.11894 0.206175
0 0.762587 0.117671 0.0686754 0.234002
0 0.77349 0.117899 0.0474615 0.232908
0 0.0872339 0.245289 0.0690967 0.125213