1 0.738976 0.526749 0.222684 0.29724
1 0.512052 0.606698 0.241058 0.292269
0 0.265079 0.502782 0.0676183 0.346791
1 0.836755 0.747293 0.252893 0.312413
1 0.570951 0.867457 0.295483 0.257438
1 0.469952 0.408781 0.189271 0.215116
1 0.695804 0.478756 0.18722 0.208803
1 0.867097 0.817028 0.263956 0.340685
1 0.660028 0.395485 0.163634 0.182502
1 0.630637 0.347034 0.17319 0.166968
1 0.890295 0.868031 0.218568 0.249554
1 0.436848 0.310984 0.13513 0.0905199
1 0.608993 0.267932 0.141481 0.0914287
0 0.159344 0.442341 0.0544794 0.115455
1 0.438606 0.328937 0.139047 0.118835