1 0.740087 0.527309 0.220947 0.296322
0 0.40652 0.386259 0.073587 0.234055
1 0.509808 0.60597 0.245191 0.293838
1 0.840329 0.746461 0.259994 0.310459
1 0.570685 0.867411 0.294245 0.257318
1 0.695742 0.47263 0.187471 0.198056
1 0.661519 0.39315 0.164551 0.180056
1 0.475562 0.513399 0.194812 0.247989
1 0.867035 0.816247 0.263956 0.340915
1 0.632979 0.321152 0.171956 0.116956
1 0.886352 0.869054 0.226489 0.247263
1 0.609883 0.267024 0.142488 0.0923499
1 0.491689 0.429392 0.124947 0.127804
1 0.643462 0.365624 0.177011 0.176845
1 0.43343 0.285589 0.132466 0.135068
1 0.622061 0.310213 0.153175 0.0829981