0 0.695669 0.793862 0.168937 0.403984
1 0.58451 0.488158 0.163032 0.275555
1 0.355607 0.877624 0.259286 0.232668
0 0.594876 0.429854 0.0868947 0.349855
0 0.387177 0.553429 0.105918 0.380665
1 0.177816 0.622959 0.241979 0.248319
1 0.352065 0.0559824 0.06105 0.111619
1 0.131421 0.54234 0.194638 0.268928
1 0.22013 0.752249 0.251835 0.357899
1 0.656976 0.807819 0.179808 0.305824
1 0.0636267 0.133675 0.0322924 0.109328
1 0.106286 0.439975 0.163798 0.217695
1 0.105115 0.360785 0.134197 0.107711
1 0.00968345 0.42783 0.0192756 0.15103
1 0.115012 0.408753 0.144824 0.142713